Algorithm Used: Breadth-First Search
Start Position: (4, 11)
Goal Position: (10, 0)

Steps Taken: 55

Complete Path (Explored):
(4, 11), (4, 10), (3, 10), (5, 10), (2, 10), (6, 10), (1, 10), (7, 10), (1, 9), (8, 10), (1, 8), (9, 10), (1, 7), (10, 10), (1, 6), (10, 9), (1, 5), (10, 8), (2, 5), (3, 5), (3, 6), (3, 7), (3, 8), (4, 8), (5, 8), (6, 8), (7, 8), (8, 8), (8, 7), (8, 6), (7, 6), (8, 5), (9, 6), (6, 6), (8, 4), (10, 6), (5, 6), (7, 4), (8, 3), (10, 5), (6, 4), (8, 2), (10, 4), (5, 4), (7, 2), (8, 1), (10, 3), (4, 4), (6, 2), (10, 2), (4, 3), (6, 1), (10, 1), (3, 3), (4, 2), (10, 0)

Final Path (Optimal):
(4, 11), (4, 10), (3, 10), (2, 10), (1, 10), (1, 9), (1, 8), (1, 7), (1, 6), (1, 5), (2, 5), (3, 5), (3, 6), (3, 7), (3, 8), (4, 8), (5, 8), (6, 8), (7, 8), (8, 8), (8, 7), (8, 6), (9, 6), (10, 6), (10, 5), (10, 4), (10, 3), (10, 2), (10, 1), (10, 0)
