Algorithm Used: A* Search
Start Position: (4, 11)
Goal Position: (10, 0)

Steps Taken: 42

Complete Path (Explored):
(4, 11), (4, 10), (5, 10), (6, 10), (7, 10), (8, 10), (9, 10), (10, 10), (10, 9), (10, 8), (3, 10), (2, 10), (1, 10), (1, 9), (1, 8), (1, 7), (1, 6), (1, 5), (2, 5), (3, 5), (3, 6), (3, 7), (3, 8), (4, 8), (5, 8), (6, 8), (7, 8), (8, 8), (8, 7), (8, 6), (8, 5), (8, 4), (8, 3), (8, 2), (8, 1), (9, 6), (10, 6), (10, 5), (10, 4), (10, 3), (10, 2), (10, 1), (10, 0)

Final Path (Optimal):
(4, 11), (4, 10), (3, 10), (2, 10), (1, 10), (1, 9), (1, 8), (1, 7), (1, 6), (1, 5), (2, 5), (3, 5), (3, 6), (3, 7), (3, 8), (4, 8), (5, 8), (6, 8), (7, 8), (8, 8), (8, 7), (8, 6), (9, 6), (10, 6), (10, 5), (10, 4), (10, 3), (10, 2), (10, 1), (10, 0)
